[gd_scene load_steps=20 format=3 uid="uid://dq0n6aaje0c81"]

[ext_resource type="PackedScene" uid="uid://4penuwelymmj" path="res://Scenes/Levels/Drillbug/drillbug.tscn" id="1_nrys8"]
[ext_resource type="PackedScene" uid="uid://dc227a83pvug0" path="res://Scenes/Levels/Drillbug/Dirt Hurdle/dirt_hurdle.tscn" id="2_00mfa"]
[ext_resource type="PackedScene" uid="uid://5ow4fd8i40k3" path="res://Scenes/Levels/Drillbug/waypoint.tscn" id="3_d5e05"]
[ext_resource type="PackedScene" uid="uid://d0rq1131bhreh" path="res://Scenes/Levels/Drillbug/race_manager.tscn" id="4_g1v0l"]

[sub_resource type="ProceduralSkyMaterial" id="ProceduralSkyMaterial_00mfa"]
sky_top_color = Color(0.12941177, 0.14901961, 0.18039216, 1)
sky_horizon_color = Color(0.40540916, 0.41717386, 0.43776208, 1)
ground_bottom_color = Color(0.21176471, 0.23921569, 0.2901961, 1)
ground_horizon_color = Color(0.40540916, 0.41717386, 0.43776208, 1)

[sub_resource type="Sky" id="Sky_d5e05"]
sky_material = SubResource("ProceduralSkyMaterial_00mfa")

[sub_resource type="Environment" id="Environment_g1v0l"]
background_mode = 2
sky = SubResource("Sky_d5e05")
tonemap_mode = 2
glow_enabled = true

[sub_resource type="BoxMesh" id="BoxMesh_nrys8"]
size = Vector3(20, 1, 20)

[sub_resource type="BoxShape3D" id="BoxShape3D_00mfa"]
size = Vector3(20, 1, 20)

[sub_resource type="StandardMaterial3D" id="StandardMaterial3D_bc41f"]
albedo_color = Color(1, 0, 0, 1)

[sub_resource type="CylinderMesh" id="CylinderMesh_psfgv"]
material = SubResource("StandardMaterial3D_bc41f")
top_radius = 0.02
bottom_radius = 0.02
height = 0.1

[sub_resource type="StandardMaterial3D" id="StandardMaterial3D_tgful"]
albedo_color = Color(0, 1, 0, 1)

[sub_resource type="CylinderMesh" id="CylinderMesh_de8gn"]
material = SubResource("StandardMaterial3D_tgful")
top_radius = 0.02
bottom_radius = 0.02
height = 0.1

[sub_resource type="StandardMaterial3D" id="StandardMaterial3D_jfgmb"]
albedo_color = Color(0, 0, 1, 1)

[sub_resource type="CylinderMesh" id="CylinderMesh_dl1mc"]
material = SubResource("StandardMaterial3D_jfgmb")
top_radius = 0.02
bottom_radius = 0.02
height = 0.1

[sub_resource type="StandardMaterial3D" id="StandardMaterial3D_rdkam"]
albedo_color = Color(0, 1, 1, 1)

[sub_resource type="CylinderMesh" id="CylinderMesh_c57bh"]
material = SubResource("StandardMaterial3D_rdkam")
top_radius = 0.02
bottom_radius = 0.02
height = 0.1

[sub_resource type="BoxShape3D" id="BoxShape3D_g1v0l"]
size = Vector3(1.5, 0.5, 0.2)

[sub_resource type="BoxMesh" id="BoxMesh_g1v0l"]
size = Vector3(0.1, 0.2, 0.1)

[node name="Drillbug Level" type="Node"]

[node name="WorldEnvironment" type="WorldEnvironment" parent="."]
environment = SubResource("Environment_g1v0l")

[node name="DirectionalLight3D" type="DirectionalLight3D" parent="."]
transform = Transform3D(0.11146895, -0.90572333, 0.4089498, 0, 0.41151437, 0.9114033, -0.9937679, -0.10159317, 0.045871075, 0, -41.88061, -39.899082)
shadow_enabled = true

[node name="floor" type="StaticBody3D" parent="."]

[node name="MeshInstance3D" type="MeshInstance3D" parent="floor"]
transform = Transform3D(1, 0, 0, 0, 1, 0, 0, 0, 1, 0, -0.51, 0)
mesh = SubResource("BoxMesh_nrys8")

[node name="CollisionShape3D" type="CollisionShape3D" parent="floor"]
transform = Transform3D(1, 0, 0, 0, 1, 0, 0, 0, 1, 0, -0.5, 0)
shape = SubResource("BoxShape3D_00mfa")

[node name="Dirt Hurdle" parent="." instance=ExtResource("2_00mfa")]
transform = Transform3D(1, 0, 0, 0, 1, 0, 0, 0, 1, 0.21149935, 0, -0.768253)

[node name="Dirt Hurdle2" parent="." instance=ExtResource("2_00mfa")]
transform = Transform3D(0.93340516, 0, 0.35882413, 0, 1, 0, -0.35882413, 0, 0.93340516, -0.26852548, 0, -1.9468398)

[node name="Dirt Hurdle3" parent="." instance=ExtResource("2_00mfa")]
transform = Transform3D(-0.9999872, 0, 0.005061388, 0, 1, 0, -0.005061388, 0, -0.9999872, -1.653827, 0, -0.5375203)

[node name="Dirt Hurdle4" parent="." instance=ExtResource("2_00mfa")]
transform = Transform3D(0.045380518, 0, -0.99896973, 0, 1, 0, 0.99896973, 0, 0.045380518, -0.5224834, 0, 0.3644722)

[node name="Drillbug" parent="." node_paths=PackedStringArray("race_waypoints", "drillbugs") instance=ExtResource("1_nrys8")]
transform = Transform3D(0.7674663, 0, 0.6410871, 0, 1, 0, -0.6410871, 0, 0.7674663, 0.627735, 0, -2.304218)
race_waypoints = [NodePath("../RACEPATH/1"), NodePath("../RACEPATH/2"), NodePath("../RACEPATH/3"), NodePath("../RACEPATH/4"), NodePath("../RACEPATH/5"), NodePath("../RACEPATH/6")]
drillbugs = [NodePath("."), NodePath("../Drillbug2"), NodePath("../Drillbug3"), NodePath("../Drillbug4")]
doped = true

[node name="Camera3D" type="Camera3D" parent="Drillbug"]
transform = Transform3D(0.99999183, -0.004363314, 3.474396e-06, 0, 0.0007962743, 0.9999997, -0.004363315, -0.9999915, 0.0007962678, 0.009, 0.803, -0.004)

[node name="Drillbug2" parent="." node_paths=PackedStringArray("race_waypoints", "drillbugs") instance=ExtResource("1_nrys8")]
transform = Transform3D(0.7674663, 0, 0.6410871, 0, 1, 0, -0.6410871, 0, 0.7674663, 0.7004574, 0, -2.364965)
race_waypoints = [NodePath("../RACEPATH/1"), NodePath("../RACEPATH/2"), NodePath("../RACEPATH/3"), NodePath("../RACEPATH/4"), NodePath("../RACEPATH/5"), NodePath("../RACEPATH/6")]
drillbugs = [NodePath("../Drillbug"), NodePath("."), NodePath("../Drillbug3"), NodePath("../Drillbug4")]

[node name="Drillbug3" parent="." node_paths=PackedStringArray("race_waypoints", "drillbugs") instance=ExtResource("1_nrys8")]
transform = Transform3D(0.7674663, 0, 0.6410871, 0, 1, 0, -0.6410871, 0, 0.7674663, 0.78026044, 0, -2.4316268)
race_waypoints = [NodePath("../RACEPATH/1"), NodePath("../RACEPATH/2"), NodePath("../RACEPATH/3"), NodePath("../RACEPATH/4"), NodePath("../RACEPATH/5"), NodePath("../RACEPATH/6")]
drillbugs = [NodePath("../Drillbug"), NodePath("../Drillbug2"), NodePath("."), NodePath("../Drillbug4")]

[node name="Drillbug4" parent="." node_paths=PackedStringArray("race_waypoints", "drillbugs") instance=ExtResource("1_nrys8")]
transform = Transform3D(0.7674663, 0, 0.6410871, 0, 1, 0, -0.6410871, 0, 0.7674663, 0.8625621, 0, -2.500376)
race_waypoints = [NodePath("../RACEPATH/1"), NodePath("../RACEPATH/2"), NodePath("../RACEPATH/3"), NodePath("../RACEPATH/4"), NodePath("../RACEPATH/5"), NodePath("../RACEPATH/6")]
drillbugs = [NodePath("../Drillbug"), NodePath("../Drillbug2"), NodePath("../Drillbug3"), NodePath(".")]

[node name="RACEPATH" type="Node3D" parent="."]

[node name="1" parent="RACEPATH" node_paths=PackedStringArray("next_waypoint", "previous_waypoint") instance=ExtResource("3_d5e05")]
transform = Transform3D(1, 0, 0, 0, 1, 0, 0, 0, 1, -1.4951077, 2.3841858e-07, 0.922595)
next_waypoint = NodePath("../2")
previous_waypoint = NodePath("../6")

[node name="2" parent="RACEPATH" node_paths=PackedStringArray("next_waypoint", "previous_waypoint") instance=ExtResource("3_d5e05")]
transform = Transform3D(1, 0, 0, 0, 1, 0, 0, 0, 1, -3.498804, -5.9604645e-08, -0.29433537)
next_waypoint = NodePath("../3")
previous_waypoint = NodePath("../1")

[node name="3" parent="RACEPATH" node_paths=PackedStringArray("next_waypoint", "previous_waypoint") instance=ExtResource("3_d5e05")]
transform = Transform3D(1, 0, 0, 0, 1, 0, 0, 0, 1, -3.1012225, 8.34465e-07, -2.5902605)
next_waypoint = NodePath("../4")
previous_waypoint = NodePath("../2")

[node name="4" parent="RACEPATH" node_paths=PackedStringArray("next_waypoint", "previous_waypoint") instance=ExtResource("3_d5e05")]
transform = Transform3D(1, 0, 0, 0, 1, 0, 0, 0, 1, 1.02993, 0, -2.051165)
next_waypoint = NodePath("../5")
previous_waypoint = NodePath("../3")

[node name="5" parent="RACEPATH" node_paths=PackedStringArray("next_waypoint", "previous_waypoint") instance=ExtResource("3_d5e05")]
transform = Transform3D(1, 0, 0, 0, 1, 0, 0, 0, 1, 2.964244, 0, -0.49482274)
next_waypoint = NodePath("../6")
previous_waypoint = NodePath("../4")

[node name="6" parent="RACEPATH" node_paths=PackedStringArray("next_waypoint", "previous_waypoint") instance=ExtResource("3_d5e05")]
transform = Transform3D(1, 0, 0, 0, 1, 0, 0, 0, 1, 1.7830062, 0, 1.6207874)
next_waypoint = NodePath("../1")
previous_waypoint = NodePath("../5")

[node name="Race manager" parent="RACEPATH" node_paths=PackedStringArray("starting_positions", "participating_bugs") instance=ExtResource("4_g1v0l")]
starting_positions = [NodePath("MeshInstance3D"), NodePath("MeshInstance3D2"), NodePath("MeshInstance3D3"), NodePath("MeshInstance3D4")]
participating_bugs = [NodePath("../../Drillbug"), NodePath("../../Drillbug2"), NodePath("../../Drillbug3"), NodePath("../../Drillbug4")]

[node name="MeshInstance3D" type="MeshInstance3D" parent="RACEPATH/Race manager"]
transform = Transform3D(0.7674674, 0, 0.641088, 0, 1, 0, -0.641088, 0, 0.7674674, 0.627735, 0, -2.304218)
mesh = SubResource("CylinderMesh_psfgv")

[node name="MeshInstance3D2" type="MeshInstance3D" parent="RACEPATH/Race manager"]
transform = Transform3D(0.7674674, 0, 0.641088, 0, 1, 0, -0.641088, 0, 0.7674674, 0.7004574, 0, -2.364965)
mesh = SubResource("CylinderMesh_de8gn")

[node name="MeshInstance3D3" type="MeshInstance3D" parent="RACEPATH/Race manager"]
transform = Transform3D(0.7674674, 0, 0.641088, 0, 1, 0, -0.641088, 0, 0.7674674, 0.78026044, 0, -2.4316268)
mesh = SubResource("CylinderMesh_dl1mc")

[node name="MeshInstance3D4" type="MeshInstance3D" parent="RACEPATH/Race manager"]
transform = Transform3D(0.7674674, 0, 0.641088, 0, 1, 0, -0.641088, 0, 0.7674674, 0.8625621, 0, -2.500376)
mesh = SubResource("CylinderMesh_c57bh")

[node name="FinishLine" type="Area3D" parent="RACEPATH/Race manager"]
transform = Transform3D(0.124900274, 0, 0.99216926, 0, 1, 0, -0.99216926, 0, 0.124900274, 0.5001058, 0, -2.128936)
collision_layer = 0
collision_mask = 8

[node name="CollisionShape3D" type="CollisionShape3D" parent="RACEPATH/Race manager/FinishLine"]
shape = SubResource("BoxShape3D_g1v0l")
debug_color = Color(5.0055983e-06, 0, 0.97148734, 1)

[node name="Startingpoints" type="Node3D" parent="RACEPATH/Race manager"]

[node name="Kiosk" type="Node3D" parent="RACEPATH/Race manager"]

[node name="Label3D" type="Label3D" parent="RACEPATH/Race manager/Kiosk"]
transform = Transform3D(1, 0, 0, 0, 1, 0, 0, 0, 1, 0, 0.14479491, 0.06218949)
pixel_size = 0.001
double_sided = false
texture_filter = 0
text = "< BUG: 1 >"
uppercase = true

[node name="MeshInstance3D" type="MeshInstance3D" parent="RACEPATH/Race manager/Kiosk"]
transform = Transform3D(1, 0, 0, 0, 1, 0, 0, 0, 1, 0, 0.1, 0)
mesh = SubResource("BoxMesh_g1v0l")

[connection signal="body_entered" from="RACEPATH/Race manager/FinishLine" to="RACEPATH/Race manager" method="_on_finish_line_body_entered"]
