[gd_scene load_steps=9 format=3 uid="uid://dq0n6aaje0c81"]

[ext_resource type="PackedScene" uid="uid://4penuwelymmj" path="res://Scenes/Levels/Drillbug/drillbug.tscn" id="1_nrys8"]
[ext_resource type="PackedScene" uid="uid://dc227a83pvug0" path="res://Scenes/Levels/Drillbug/Dirt Hurdle/dirt_hurdle.tscn" id="2_00mfa"]
[ext_resource type="PackedScene" uid="uid://5ow4fd8i40k3" path="res://Scenes/Levels/Drillbug/waypoint.tscn" id="3_d5e05"]

[sub_resource type="ProceduralSkyMaterial" id="ProceduralSkyMaterial_00mfa"]
sky_top_color = Color(0.12941177, 0.14901961, 0.18039216, 1)
sky_horizon_color = Color(0.40540916, 0.41717386, 0.43776208, 1)
ground_bottom_color = Color(0.21176471, 0.23921569, 0.2901961, 1)
ground_horizon_color = Color(0.40540916, 0.41717386, 0.43776208, 1)

[sub_resource type="Sky" id="Sky_d5e05"]
sky_material = SubResource("ProceduralSkyMaterial_00mfa")

[sub_resource type="Environment" id="Environment_g1v0l"]
background_mode = 2
sky = SubResource("Sky_d5e05")
tonemap_mode = 2
glow_enabled = true

[sub_resource type="BoxMesh" id="BoxMesh_nrys8"]
size = Vector3(20, 1, 20)

[sub_resource type="BoxShape3D" id="BoxShape3D_00mfa"]
size = Vector3(20, 1, 20)

[node name="Drillbug Level" type="Node"]

[node name="WorldEnvironment" type="WorldEnvironment" parent="."]
environment = SubResource("Environment_g1v0l")

[node name="DirectionalLight3D" type="DirectionalLight3D" parent="."]
transform = Transform3D(0.11146895, -0.90572333, 0.4089498, 0, 0.41151437, 0.9114033, -0.9937679, -0.10159317, 0.045871075, 0, -41.88061, -39.899082)
shadow_enabled = true

[node name="floor" type="StaticBody3D" parent="."]

[node name="MeshInstance3D" type="MeshInstance3D" parent="floor"]
transform = Transform3D(1, 0, 0, 0, 1, 0, 0, 0, 1, 0, -0.51, 0)
mesh = SubResource("BoxMesh_nrys8")

[node name="CollisionShape3D" type="CollisionShape3D" parent="floor"]
transform = Transform3D(1, 0, 0, 0, 1, 0, 0, 0, 1, 0, -0.5, 0)
shape = SubResource("BoxShape3D_00mfa")

[node name="Dirt Hurdle" parent="." instance=ExtResource("2_00mfa")]
transform = Transform3D(1, 0, 0, 0, 1, 0, 0, 0, 1, 0.21149935, 0, -0.768253)

[node name="Dirt Hurdle2" parent="." instance=ExtResource("2_00mfa")]
transform = Transform3D(0.93340516, 0, 0.35882413, 0, 1, 0, -0.35882413, 0, 0.93340516, -0.26852548, 0, -1.9468398)

[node name="Dirt Hurdle3" parent="." instance=ExtResource("2_00mfa")]
transform = Transform3D(-0.9999872, 0, 0.005061388, 0, 1, 0, -0.005061388, 0, -0.9999872, -1.653827, 0, -0.5375203)

[node name="Dirt Hurdle4" parent="." instance=ExtResource("2_00mfa")]
transform = Transform3D(0.045380518, 0, -0.99896973, 0, 1, 0, 0.99896973, 0, 0.045380518, -0.5224834, 0, 0.3644722)

[node name="Drillbug" parent="." instance=ExtResource("1_nrys8")]
transform = Transform3D(0.9999986, 0, 0, 0, 1, 0, 0, 0, 0.9999986, 0.04317695, 0, 0.5430836)
aceleration = 7.12

[node name="Camera3D" type="Camera3D" parent="Drillbug"]
transform = Transform3D(0.99999183, -0.004363314, 3.474396e-06, 0, 0.0007962743, 0.9999997, -0.004363315, -0.9999915, 0.0007962678, 0.009, 0.803, -0.004)

[node name="RACEPATH" type="Node3D" parent="."]

[node name="1" parent="RACEPATH" node_paths=PackedStringArray("Start_wayPoint") instance=ExtResource("3_d5e05")]
transform = Transform3D(1, 0, 0, 0, 1, 0, 0, 0, 1, 0.06232816, 0, -0.005861461)
Start_wayPoint = NodePath(".")
